15 20 3
5 2 3 10
2 6
3 4
0 4
4 7
5 5
9 18
0 1 0 1 0 1 0 1 0 1 0 1 0 1 0 1 0 1 0 1 0 1 0 1 0 1 0 1 0 1 0 1 0 1 0 1 0 1 0 1
0 1 0 1 0 1 0 1 0 1 0 1 0 1 0 1 0 1 0 1 0 1 0 1 0 1 0 1 0 1 0 1 0 1 0 1 0 1 0 1
0 1 0 1 0 1 0 1 0 1 0 1 0 1 0 1 0 1 0 1 0 1 0 1 0 1 0 1 0 1 0 1 0 1 0 1 0 1 0 1
0 1 0 1 0 1 0 1 0 1 0 1 0 1 0 1 0 1 0 1 0 1 0 1 0 1 0 1 0 1 0 1 0 1 0 1 0 1 0 1
0 1 0 1 0 1 0 1 0 1 0 1 0 1 0 1 0 1 0 1 0 1 0 1 0 1 0 1 0 1 0 1 0 1 0 1 0 1 0 1
0 1 0 1 0 1 0 1 0 1 0 1 0 1 0 1 0 1 0 1 0 1 0 1 0 1 0 1 0 1 0 1 0 1 0 1 0 1 0 1
0 1 0 1 0 1 0 1 0 1 0 1 0 1 0 1 0 1 0 1 0 1 0 1 0 1 0 1 0 1 0 1 0 1 0 1 0 1 0 1
0 1 0 1 0 1 0 1 0 1 0 1 0 1 0 1 0 1 0 1 0 1 0 1 0 1 0 1 0 1 0 1 0 1 0 1 0 1 0 1
0 1 0 1 0 1 0 1 0 1 0 1 0 1 0 1 0 1 0 1 0 1 0 1 0 1 0 1 0 1 0 1 0 1 0 1 0 1 0 1
0 1 0 1 0 1 0 1 0 1 0 1 0 1 0 1 0 1 0 1 0 1 0 1 0 1 0 1 0 1 0 1 0 1 0 1 0 1 0 1
0 1 0 1 0 1 0 1 0 1 0 1 0 1 0 1 0 1 0 1 0 1 0 1 0 1 0 1 0 1 0 1 0 1 0 1 0 1 0 1
0 1 0 1 0 1 0 1 0 1 0 1 0 1 0 1 0 1 0 1 0 1 0 1 0 1 0 1 0 1 0 1 0 1 0 1 0 1 0 1
0 1 0 1 0 1 0 1 0 1 0 1 0 1 0 1 0 1 0 1 0 1 0 1 0 1 0 1 0 1 0 1 0 1 0 1 0 1 0 1
0 1 0 1 0 1 0 1 0 1 0 1 0 1 0 1 0 1 0 1 0 1 0 1 0 1 0 1 0 1 0 1 0 1 0 1 0 1 0 1
0 1 0 1 0 1 0 1 0 1 0 1 0 1 0 1 0 1 0 1 0 1 0 1 0 1 0 1 0 1 0 1 0 1 0 1 0 1 0 1
-1 0 -1 0 -1 0 -1 0 -1 0 -1 0 -1 0 -1 0 -1 0 -1 0 -1 0 -1 0 -1 0 -1 0 -1 0 -1 0 -1 0 -1 0 -1 0 -1 0
-1 0 -1 0 -1 0 -1 0 -1 0 -1 0 -1 0 -1 0 -1 0 -1 0 -1 0 -1 0 -1 0 -1 0 -1 0 -1 0 -1 0 -1 0 -1 0 -1 0
-1 0 -1 0 -1 0 -1 0 -1 0 -1 0 -1 0 -1 0 -1 0 -1 0 -1 0 -1 0 -1 0 -1 0 -1 0 -1 0 -1 0 -1 0 -1 0 -1 0
-1 0 -1 0 -1 0 -1 0 -1 0 -1 0 -1 0 -1 0 -1 0 -1 0 -1 0 -1 0 -1 0 -1 0 -1 0 -1 0 -1 0 -1 0 -1 0 -1 0
-1 0 -1 0 -1 0 -1 0 -1 0 -1 0 -1 0 -1 0 -1 0 -1 0 -1 0 -1 0 -1 0 -1 0 -1 0 -1 0 -1 0 -1 0 -1 0 -1 0
-1 0 -1 0 -1 0 -1 0 -1 0 -1 0 -1 0 -1 0 -1 0 -1 0 -1 0 -1 0 -1 0 -1 0 -1 0 -1 0 -1 0 -1 0 -1 0 -1 0
-1 0 -1 0 -1 0 -1 0 -1 0 -1 0 -1 0 -1 0 -1 0 -1 0 -1 0 -1 0 -1 0 -1 0 -1 0 -1 0 -1 0 -1 0 -1 0 -1 0
-1 0 -1 0 -1 0 -1 0 -1 0 -1 0 -1 0 -1 0 -1 0 -1 0 -1 0 -1 0 -1 0 -1 0 -1 0 -1 0 -1 0 -1 0 -1 0 -1 0
-1 0 -1 0 -1 0 -1 0 -1 0 -1 0 -1 0 -1 0 -1 0 -1 0 -1 0 -1 0 -1 0 -1 0 -1 0 -1 0 -1 0 -1 0 -1 0 -1 0
-1 0 -1 0 -1 0 -1 0 -1 0 -1 0 -1 0 -1 0 -1 0 -1 0 -1 0 -1 0 -1 0 -1 0 -1 0 -1 0 -1 0 -1 0 -1 0 -1 0
-1 0 -1 0 -1 0 -1 0 -1 0 -1 0 -1 0 -1 0 -1 0 -1 0 -1 0 -1 0 -1 0 -1 0 -1 0 -1 0 -1 0 -1 0 -1 0 -1 0
-1 0 -1 0 -1 0 -1 0 -1 0 -1 0 -1 0 -1 0 -1 0 -1 0 -1 0 -1 0 -1 0 -1 0 -1 0 -1 0 -1 0 -1 0 -1 0 -1 0
-1 0 -1 0 -1 0 -1 0 -1 0 -1 0 -1 0 -1 0 -1 0 -1 0 -1 0 -1 0 -1 0 -1 0 -1 0 -1 0 -1 0 -1 0 -1 0 -1 0
-1 0 -1 0 -1 0 -1 0 -1 0 -1 0 -1 0 -1 0 -1 0 -1 0 -1 0 -1 0 -1 0 -1 0 -1 0 -1 0 -1 0 -1 0 -1 0 -1 0
-1 0 -1 0 -1 0 -1 0 -1 0 -1 0 -1 0 -1 0 -1 0 -1 0 -1 0 -1 0 -1 0 -1 0 -1 0 -1 0 -1 0 -1 0 -1 0 -1 0
0 1 0 1 0 1 0 2 0 1 0 1 0 1 0 1 0 2 0 1 0 1 0 1 0 1 0 2 0 1 0 1 0 1 0 1 0 2 0 1
0 2 0 1 0 2 0 3 0 2 0 2 0 1 0 2 0 3 0 2 0 2 0 1 0 2 0 3 0 2 0 2 0 1 0 2 0 3 0 2
0 1 0 1 0 1 0 2 0 1 0 1 0 1 0 1 0 2 0 1 0 1 0 1 0 1 0 2 0 1 0 1 0 1 0 1 0 2 0 1
0 1 0 1 0 1 0 2 0 1 0 1 0 1 0 1 0 2 0 1 0 1 0 1 0 1 0 2 0 1 0 1 0 1 0 1 0 2 0 1
0 2 0 1 0 2 0 3 0 2 0 2 0 1 0 2 0 3 0 2 0 2 0 1 0 2 0 3 0 2 0 2 0 1 0 2 0 3 0 2
0 1 0 1 0 1 0 2 0 1 0 1 0 1 0 1 0 2 0 1 0 1 0 1 0 1 0 2 0 1 0 1 0 1 0 1 0 2 0 1
0 1 0 1 0 1 0 2 0 1 0 1 0 1 0 1 0 2 0 1 0 1 0 1 0 1 0 2 0 1 0 1 0 1 0 1 0 2 0 1
0 2 0 1 0 2 0 3 0 2 0 2 0 1 0 2 0 3 0 2 0 2 0 1 0 2 0 3 0 2 0 2 0 1 0 2 0 3 0 2
0 1 0 1 0 1 0 2 0 1 0 1 0 1 0 1 0 2 0 1 0 1 0 1 0 1 0 2 0 1 0 1 0 1 0 1 0 2 0 1
0 1 0 1 0 1 0 2 0 1 0 1 0 1 0 1 0 2 0 1 0 1 0 1 0 1 0 2 0 1 0 1 0 1 0 1 0 2 0 1
0 2 0 1 0 2 0 3 0 2 0 2 0 1 0 2 0 3 0 2 0 2 0 1 0 2 0 3 0 2 0 2 0 1 0 2 0 3 0 2
0 1 0 1 0 1 0 2 0 1 0 1 0 1 0 1 0 2 0 1 0 1 0 1 0 1 0 2 0 1 0 1 0 1 0 1 0 2 0 1
0 1 0 1 0 1 0 2 0 1 0 1 0 1 0 1 0 2 0 1 0 1 0 1 0 1 0 2 0 1 0 1 0 1 0 1 0 2 0 1
0 2 0 1 0 2 0 3 0 2 0 2 0 1 0 2 0 3 0 2 0 2 0 1 0 2 0 3 0 2 0 2 0 1 0 2 0 3 0 2
0 1 0 1 0 1 0 2 0 1 0 1 0 1 0 1 0 2 0 1 0 1 0 1 0 1 0 2 0 1 0 1 0 1 0 1 0 2 0 1